In this assignment, we will do basic numerical analysis including interpolation,
integration and differentiation through linear operator formalism with monomial basis.

Our function is f(x) = x^7

Provided data points :

i	 xi               	 f(xi)

0	 0.00000000000000         0.000000000000E+000
1	 0.142857142857143	  1.214265678902012E-006
2	 0.285714285714286	  1.554260068994575E-004
3	 0.428571428571429	  2.655599039758700E-003
4 	 0.571428571428571   	  1.989452888313056E-002
5	 0.714285714285714	  9.486450616421972E-002
6   	 0.857142857142857	  0.339916677089114
7  	 1.00000000000000	  1.00000000000000


By using these data points and monomial basis, we will construct f(x) = x^7 by direct
interpolation. Our basis functions are :

b(x) = [1 ; x^1 ; x^2 ; x^3 ; x^4 ; x^5 ; x^6 ; x^7 ]

We will calculate f(x) , f'(x), f''(x), and the integral of f(x) by using these
basis functions and provided data points to calculate them at x = 0.5 numerically.
After that, we will check the results with analytical results and calculate
the errors between them.

Results are provided below :


---------------------------PART I-------------------------  

B: 
1.000000000000e+00 0.000000000000e+00 0.000000000000e+00 0.000000000000e+00 0.000000000000e+00 0.000000000000e+00 0.000000000000e+00 0.000000000000e+00 
1.000000000000e+00 1.428571428571e-01 2.040816326531e-02 2.915451895044e-03 4.164931278634e-04 5.949901826620e-05 8.499859752314e-06 1.214265678902e-06 
1.000000000000e+00 2.857142857143e-01 8.163265306122e-02 2.332361516035e-02 6.663890045814e-03 1.903968584518e-03 5.439910241481e-04 1.554260068995e-04 
1.000000000000e+00 4.285714285714e-01 1.836734693878e-01 7.871720116618e-02 3.373594335693e-02 1.445826143869e-02 6.196397759437e-03 2.655599039759e-03 
1.000000000000e+00 5.714285714286e-01 3.265306122449e-01 1.865889212828e-01 1.066222407330e-01 6.092699470459e-02 3.481542554548e-02 1.989452888313e-02 
1.000000000000e+00 7.142857142857e-01 5.102040816327e-01 3.644314868805e-01 2.603082049146e-01 1.859344320819e-01 1.328103086299e-01 9.486450616422e-02 
1.000000000000e+00 8.571428571429e-01 7.346938775510e-01 6.297376093294e-01 5.397750937110e-01 4.626643660380e-01 3.965694566040e-01 3.399166770891e-01 
1.000000000000e+00 1.000000000000e+00 1.000000000000e+00 1.000000000000e+00 1.000000000000e+00 1.000000000000e+00 1.000000000000e+00 1.000000000000e+00 


Inverse of B: 
1.000000000000e+00 0.000000000000e+00 0.000000000000e+00 0.000000000000e+00 0.000000000000e+00 0.000000000000e+00 0.000000000000e+00 -0.000000000000e+00 
-1.815000000000e+01 4.899999999999e+01 -7.349999999998e+01 8.166666666664e+01 -6.124999999998e+01 2.939999999999e+01 -8.166666666663e+00 9.999999999995e-01 
1.276722222222e+02 -5.463499999999e+02 1.076775000000e+03 -1.291694444444e+03 1.004500000000e+03 -4.924499999998e+02 1.386972222222e+02 -1.714999999999e+01 
-4.606680555554e+02 2.431488888888e+03 -5.615195833331e+03 7.412611111108e+03 -6.062048611109e+03 3.064133333332e+03 -8.808430555551e+02 1.105222222222e+02 
9.337222222218e+02 -5.552312499998e+03 1.420591666666e+04 -2.032513194444e+04 1.760733333333e+04 -9.253854166662e+03 2.734472222221e+03 -3.501458333332e+02 
-1.073780555555e+03 6.886201388885e+03 -1.890787499999e+04 2.882867361110e+04 -2.637765277776e+04 1.449603749999e+04 -4.435180555553e+03 5.835763888886e+02 
6.536055555551e+02 -4.411837499997e+03 1.274530833333e+04 -2.042517361110e+04 1.960816666666e+04 -1.127469583333e+04 3.594830555554e+03 -4.902041666664e+02 
-1.634013888887e+02 1.143809722221e+03 -3.431429166664e+03 5.719048611107e+03 -5.719048611108e+03 3.431429166665e+03 -1.143809722222e+03 1.634013888888e+02 


 B * (Inverse of B) : 
1.000000000000e+00 0.000000000000e+00 0.000000000000e+00 0.000000000000e+00 0.000000000000e+00 0.000000000000e+00 0.000000000000e+00 0.000000000000e+00 
-4.045971457173e-15 1.000000000000e+00 5.418668985735e-14 -5.598646546368e-14 3.267785347871e-14 -1.470178145890e-14 4.143387022371e-15 -5.126649972598e-16 
-4.961309141294e-15 -5.925815393937e-14 1.000000000000e+00 -9.636735853746e-14 7.760458942130e-14 -5.129230373768e-14 1.876276911617e-14 -2.393918396848e-15 
2.498001805407e-14 -6.306066779871e-14 -1.740829702612e-13 1.000000000000e+00 -2.664535259100e-14 -1.136868377216e-13 4.796163466381e-14 -8.493206138382e-15 
2.033928581113e-13 -2.806643806252e-13 -1.463718035666e-12 2.216893335572e-12 9.999999999991e-01 -2.842170943040e-14 1.278976924368e-13 -2.220446049250e-14 
8.508749260727e-13 -8.384404281969e-13 -4.604316927725e-12 7.730704965070e-12 -2.501110429876e-12 1.000000000001e+00 1.989519660128e-13 -3.730349362741e-14 
2.458477865730e-12 -1.023181539495e-12 -1.227817847393e-11 2.319211489521e-11 -1.250555214938e-11 2.728484105319e-12 1.000000000000e+00 -6.394884621841e-14 
6.139089236967e-12 -5.684341886081e-12 -2.364686224610e-11 4.092726157978e-11 -2.273736754432e-11 4.547473508865e-12 4.547473508865e-13 9.999999999999e-01 

---------------------------PART II-------------------------  

w:

-2.441406249927e-03 
2.392578124988e-02 
-1.196289062507e-01 
5.981445312510e-01 
5.981445312496e-01 
-1.196289062500e-01 
2.392578125007e-02 
-2.441406250010e-03 

Numerical Result : 7.812500000006e-03
Analytical Result: 7.812500000000e-03
Absolute Err : 5.523359547510e-15

---------------------------PART III-------------------------  

w:

4.882812501190e-03 
-6.699218750079e-02 
5.582682291585e-01 
-8.374023437487e+00 
8.374023437496e+00 
-5.582682291667e-01 
6.699218750074e-02 
-4.882812500099e-03 

Numerical Result : 1.093750000001e-01
Analytical Result: 1.093750000000e-01
Absolute Err : 1.025846074754e-13

---------------------------PART IV-------------------------  

w:

1.101649305570e+00 
-1.061241319446e+01 
4.972734374996e+01 
-4.021657986104e+01 
-4.021657986112e+01 
4.972734374998e+01 
-1.061241319443e+01 
1.101649305554e+00 

Numerical Result : 1.312500000001e+00
Analytical Result: 1.312500000000e+00
Absolute Err : 5.315747841905e-13

---------------------------PART V-------------------------  

w:

4.213256835938e-02 
2.178686071325e-01 
3.758341471355e-02 
2.489278157552e-01 
-7.595327871813e-02 
3.897908528642e-02 
-1.086629231769e-02 
1.328079788771e-03 

Numerical Result : 4.882812500005e-04
Analytical Result: 4.882812500000e-04
Absolute Err : 0.000000000000
